#! FIELDS time rmsd r theta phi THETA PHI PSI
#! SET min_phi -pi
#! SET max_phi pi
#! SET min_PHI -pi
#! SET max_PHI pi
#! SET min_PSI -pi
#! SET max_PSI pi
 0.000000 0.009692 0.684054 0.691102 0.330467 1.317809 0.231885 0.575727
 1.000000 0.014689 0.627593 0.583692 0.235159 1.343581 0.497066 1.015593
 2.000000 0.008524 0.659352 0.749389 0.399466 1.548574 -0.060516 0.336620
 3.000000 0.010565 0.494940 0.846646 0.300829 2.923421 0.057959 0.236832
 4.000000 0.012970 0.366640 0.737417 0.616851 2.035347 2.465892 -2.567875
 5.000000 0.010848 0.500082 0.487693 0.836207 0.505615 -1.431116 -0.817091
 6.000000 0.012847 0.671361 0.461508 0.594257 0.355581 0.570212 1.174904
 7.000000 0.012272 0.592144 0.422004 0.903645 0.159553 -1.104786 -0.041849
 8.000000 0.010533 0.459244 0.537662 0.729467 1.523467 2.641204 -2.557678
 9.000000 0.009420 0.528414 0.607781 0.808783 0.476290 2.318978 -2.544390
 10.000000 0.011524 0.598687 0.402768 0.491726 0.564399 0.970588 1.475037
 11.000000 0.012226 0.656269 0.516472 0.717913 0.182695 1.523470 2.557933
 12.000000 0.012884 0.526200 0.473783 0.780613 0.206054 1.983010 2.557070
 13.000000 0.009899 0.451780 0.520875 0.759688 0.936058 2.768209 -2.677365
 14.000000 0.014372 0.613674 0.288289 0.613114 0.299700 -2.626156 -2.344627
 15.000000 0.012779 0.554976 0.509863 0.767819 0.782008 2.385537 -2.808252
 16.000000 0.014510 0.577022 0.421360 0.604194 0.160145 1.609303 1.955943
 17.000000 0.012591 0.604221 0.449567 0.357610 0.257002 0.772542 0.803090
 18.000000 0.009552 0.634335 0.721281 0.388638 1.518863 -0.092007 -0.179950
 19.000000 0.009462 0.559545 0.433871 0.846367 0.102378 0.614735 1.184797
 20.000000 0.012900 0.603084 0.450429 0.612009 0.463042 -1.036291 -0.483330
 21.000000 0.011862 0.679780 0.698114 0.458404 1.510147 0.101710 0.431587
 22.000000 0.011939 0.569741 0.798072 0.178380 1.630296 0.409713 -0.271824
 23.000000 0.012964 0.489961 0.515575 0.732413 1.614123 2.671874 -2.402334
 24.000000 0.010963 0.557194 0.461226 0.883124 0.419737 2.594387 -2.342571
 25.000000 0.010341 0.461264 0.657299 0.050158 2.445143 -2.282128 2.895505
 26.000000 0.008584 0.544497 0.885332 0.468033 2.092508 -0.119848 0.919952
 27.000000 0.009063 0.376237 0.774953 0.543356 2.219229 -3.054129 -2.362855
 28.000000 0.013450 0.482441 0.946904 0.212305 2.451492 -0.876168 1.100530
 29.000000 0.012762 0.353105 0.729855 0.820670 1.710485 2.210346 -2.418865
 30.000000 0.012036 0.468393 0.458959 0.293822 1.855193 2.973956 2.826081
 31.000000 0.015177 0.621633 0.449919 0.552142 0.476726 0.136055 1.276145
 32.000000 0.012228 0.543485 0.452479 1.060331 0.710479 3.084202 -1.569636
 33.000000 0.013821 0.671253 0.433440 0.267153 0.818199 0.886325 0.780299
 34.000000 0.014245 0.607346 0.727054 0.146750 1.292296 0.331769 0.378734
 35.000000 0.015599 0.647742 0.650860 0.929882 0.325375 -0.730051 1.176916
 36.000000 0.014164 0.406861 0.871424 0.419333 2.863323 2.384888 -2.063472
 37.000000 0.009985 0.560216 0.846788 0.235938 2.183328 0.388153 0.233107
 38.000000 0.012386 0.603325 0.820943 0.326183 1.651898 1.594943 -0.698741
 39.000000 0.012654 0.678517 0.611798 0.382079 1.452100 0.248942 0.377069
 40.000000 0.012288 0.526840 0.777090 0.068681 2.601035 -0.283443 0.701202
 41.000000 0.011134 0.655982 0.796263 0.452595 1.747246 0.214729 0.345419
 42.000000 0.012497 0.536319 0.853252 0.462748 2.564682 0.239196 -0.209821
 43.000000 0.011388 0.600675 0.840272 0.324361 2.193371 0.859523 -0.108310
 44.000000 0.013616 0.542743 0.787850 0.373077 1.768919 1.657134 -1.261732
 45.000000 0.009221 0.572853 0.505092 0.787937 0.569096 2.367611 -2.710346
 46.000000 0.012383 0.611013 0.385082 0.706703 0.109843 1.910126 2.835847
 47.000000 0.010386 0.434246 0.825688 0.475826 2.868681 1.728451 -1.301145
 48.000000 0.014115 0.645469 0.675920 0.523553 0.893580 0.055261 0.643821
 49.000000 0.014025 0.663476 0.646058 0.389405 1.456701 0.022279 0.653530
 50.000000 0.013306 0.622839 0.658031 0.366009 1.253575 0.266782 0.674402
 51.000000 0.011971 0.551045 0.802951 0.251685 2.090122 0.816261 -0.110651
 52.000000 0.012238 0.464289 0.679674 -0.014635 2.161580 0.797738 0.175160
 53.000000 0.011332 0.624169 0.733456 0.314507 1.555606 0.232317 0.447477
 54.000000 0.009309 0.561977 0.440814 0.757001 0.206098 1.768644 2.803083
 55.000000 0.015901 0.589301 0.452005 0.767749 0.084589 -1.404202 -0.463647
 56.000000 0.014201 0.549147 0.329017 0.667395 0.265948 2.337702 2.793176
 57.000000 0.010172 0.394150 0.882897 0.379701 2.463405 2.087069 -1.431529
 58.000000 0.015709 0.471052 0.914051 0.249054 2.836322 -1.115752 1.402388
 59.000000 0.009112 0.445561 0.496899 0.798153 1.173359 2.913262 -2.286139
 60.000000 0.008910 0.524280 0.659863 0.955974 0.694920 2.285982 -2.397152
 61.000000 0.013270 0.576046 0.512819 0.496468 0.279381 -1.035538 -0.833117
 62.000000 0.012105 0.656601 0.732927 0.387447 1.341810 -0.150262 0.609430
 63.000000 0.012726 0.609427 0.369523 0.450229 0.585552 1.669854 1.820905
 64.000000 0.010857 0.428759 0.523835 0.870586 1.471893 2.736407 -2.246661
 65.000000 0.013809 0.607449 0.820875 0.422708 1.946664 0.613345 -0.243429
 66.000000 0.012561 0.615595 0.839711 0.359934 1.733853 -0.190539 0.251837
 67.000000 0.011771 0.673958 0.651658 0.292060 1.406560 0.512277 0.269094
 68.000000 0.012459 0.589031 0.691596 0.035434 1.867271 0.700958 0.000947
 69.000000 0.009620 0.689964 0.642816 0.036951 1.171662 0.419480 -0.057216
 70.000000 0.013194 0.577325 0.800359 0.315276 2.194427 0.277869 -0.164918
 71.000000 0.012441 0.511424 0.928077 0.315586 1.721560 0.617906 -0.192435
 72.000000 0.012943 0.667438 0.774505 0.479268 2.105599 0.258917 -0.378009
 73.000000 0.014414 0.507718 0.708730 0.692305 1.705288 2.226957 -2.154635
 74.000000 0.015967 0.405903 0.582160 0.768799 1.670167 2.877513 -2.697890
 75.000000 0.016134 0.412459 0.526536 0.736946 0.977727 2.288108 3.022350
 76.000000 0.012800 0.460012 0.569019 0.928957 0.841418 2.402222 -2.386041
 77.000000 0.013881 0.386939 0.437932 0.608319 1.084892 1.704143 2.488888
 78.000000 0.010166 0.452656 0.935854 0.898474 0.659688 -1.955748 -0.781078
 79.000000 0.013938 0.388379 0.541310 0.620222 1.382724 -2.167619 -1.058826
 80.000000 0.013901 0.476606 0.574146 0.905090 0.411312 -2.249847 -1.542859
 81.000000 0.010791 0.429658 0.470910 0.683389 1.572406 -1.554999 -1.510521
 82.000000 0.010405 0.678112 0.678525 0.290663 0.642483 -0.504784 2.938890
 83.000000 0.007659 0.662581 0.738784 0.380745 0.761136 -0.581965 2.746008
 84.000000 0.013657 0.531953 0.796764 0.303807 0.266916 -3.098743 0.573559
 85.000000 0.010214 0.570308 0.376410 0.755591 2.594640 -0.181660 -1.958390
 86.000000 0.013467 0.449232 0.807449 0.711137 1.880278 -2.262187 0.432196
 87.000000 0.011769 0.437815 0.846617 0.238867 1.204077 -2.024179 1.351032
 88.000000 0.012190 0.517456 0.840144 0.278346 0.677426 -2.696944 0.713282
 89.000000 0.008493 0.380159 0.839340 0.168649 1.253300 2.758039 0.289795
 90.000000 0.013584 0.385096 0.771415 0.745960 2.104840 -2.299685 0.354096
 91.000000 0.014769 0.550370 0.911284 0.292287 0.488033 -1.090533 2.178497
 92.000000 0.009719 0.606778 0.803293 0.199192 0.197173 0.396105 -1.537996
 93.000000 0.012312 0.465788 0.504689 -0.128809 1.198385 2.815989 1.449777
 94.000000 0.008359 0.453067 0.720731 0.288611 1.534364 3.137158 0.494960
 95.000000 0.010984 0.365237 0.947730 0.788336 1.534853 -2.032307 0.659960
 96.000000 0.012009 0.407463 0.931243 0.586950 1.345036 -2.344875 0.722586
 97.000000 0.016278 0.603380 0.679042 0.697832 1.300582 -0.084878 -2.044780
 98.000000 0.012500 0.594500 0.893331 0.422798 0.227854 0.501757 -2.502874
 99.000000 0.011892 0.379551 0.668678 0.500936 2.046026 -3.060298 0.254237
 100.000000 0.014859 0.582369 0.773486 0.457197 1.008567 -2.794324 0.411546
 101.000000 0.010443 0.393473 0.592585 0.735696 2.317710 -2.643778 0.327364
 102.000000 0.014142 0.597978 0.849516 0.324088 0.358412 0.565532 -2.231498
 103.000000 0.011338 0.540505 0.607024 0.989394 2.207739 -0.244624 -1.609432
 104.000000 0.014456 0.429295 0.621842 0.804219 1.854717 -1.635070 -0.303526
 105.000000 0.011829 0.472412 0.815819 0.252971 0.955715 -2.949398 0.442910
 106.000000 0.009789 0.396154 0.710730 0.366263 1.755275 -2.587451 0.500386
 107.000000 0.014671 0.432141 0.577491 0.448869 2.189131 -2.811337 -0.278363
 108.000000 0.015404 0.430402 0.557422 0.650960 2.332479 -3.001893 0.439595
 109.000000 0.009016 0.600314 0.659648 0.812752 2.036567 -0.765688 -0.238302
 110.000000 0.012986 0.456195 0.410192 0.720073 2.770794 -1.749058 -1.105161
 111.000000 0.010151 0.693048 0.671255 0.307808 0.747782 -0.436537 2.637202
 112.000000 0.016470 0.384556 0.813344 0.510136 1.917251 -2.895568 0.565315
 113.000000 0.012356 0.413373 0.961093 0.241905 1.170829 -2.034852 1.370418
 114.000000 0.012550 0.606631 0.934549 0.568054 0.267049 1.818856 -1.079575
 115.000000 0.012528 0.678617 0.494223 0.591315 1.292193 0.015852 -2.571220
 116.000000 0.011967 0.469744 0.672276 0.722068 2.233243 -2.103250 0.406307
 117.000000 0.011101 0.512256 0.989110 0.448784 0.501130 2.731954 -0.446459
 118.000000 0.014790 0.442807 0.768867 0.410114 1.771735 -2.773615 0.538602
 119.000000 0.011380 0.654171 0.765299 0.317516 0.857453 0.137929 -1.969712
 120.000000 0.008316 0.529884 0.689908 -0.023020 0.511374 2.926389 0.461646
 121.000000 0.011899 0.660220 0.682582 0.174450 0.350624 0.641453 -1.626559
 122.000000 0.011637 0.596675 0.794473 0.225796 0.108199 -2.625294 1.164380
 123.000000 0.011761 0.617085 0.398841 0.811962 1.922563 -0.142717 -1.590116
 124.000000 0.009528 0.430733 0.448506 0.416767 2.626162 -1.805904 -0.966275
 125.000000 0.011461 0.377712 0.613949 0.874004 2.510291 -2.263336 0.162050
 126.000000 0.008836 0.667174 0.432457 0.919422 1.757523 0.093305 -1.279617
 127.000000 0.013875 0.582108 0.393814 0.417180 1.877938 -0.803547 -2.278925
 128.000000 0.010356 0.619495 0.364290 0.752579 2.513504 -0.227716 -1.961754
 129.000000 0.014295 0.561848 0.747988 0.277300 0.286625 -2.570593 1.135631
 130.000000 0.011282 0.565602 0.696838 0.690433 2.321609 -1.364029 0.386257
 131.000000 0.008194 0.622127 0.777864 0.343326 0.322027 -0.721899 2.646938
 132.000000 0.014000 0.482822 0.558582 0.933187 2.417055 -0.891262 -0.927438
 133.000000 0.010476 0.430313 0.484398 0.690285 2.677236 -2.474478 -0.193668
 134.000000 0.011796 0.410204 0.621246 0.312524 1.958296 2.966626 0.123060
 135.000000 0.010239 0.363087 0.755015 0.094735 1.516539 2.780384 0.754363
 136.000000 0.012575 0.489978 0.676606 0.966408 2.080998 -1.372651 -0.288298
 137.000000 0.015276 0.513204 0.436791 0.444259 1.882057 -0.642502 -2.948660
 138.000000 0.011485 0.615817 0.797876 0.428255 0.408798 -0.099325 -2.922494
 139.000000 0.011590 0.469568 0.597890 0.788532 1.876183 -1.462750 -0.962037
 140.000000 0.010476 0.645183 0.547642 0.683217 1.408779 0.082936 -2.396691
 141.000000 0.010838 0.420089 0.469047 0.190967 2.523479 2.809708 0.064352
 142.000000 0.010801 0.703646 0.625406 0.264288 0.891695 -0.645238 3.084477
 143.000000 0.009815 0.524447 0.718787 0.641406 1.073771 -3.041005 -0.338484
 144.000000 0.013406 0.605120 0.644169 0.407840 0.975731 2.955022 -0.717743
 145.000000 0.011449 0.472376 0.837286 0.783505 1.029985 -2.521049 -0.041333
 146.000000 0.010864 0.424606 0.767385 0.736499 1.614809 -2.663082 -0.085293
 147.000000 0.011252 0.434627 0.763144 0.721175 1.494610 -2.497928 0.181706
 148.000000 0.013091 0.375718 0.867921 0.488209 1.401902 -3.056912 0.531534
 149.000000 0.009800 0.559562 0.418590 0.759164 2.185181 0.205519 -2.332907
 150.000000 0.010641 0.458767 0.591798 0.829042 2.666693 2.040863 2.534484
 151.000000 0.011742 0.450318 0.480786 0.563526 3.084907 0.116021 -2.625525
 152.000000 0.013845 0.562417 0.357972 0.560770 2.597459 0.188348 -2.742548
 153.000000 0.012897 0.496250 0.403176 0.837575 2.331370 -0.271107 -1.848438
 154.000000 0.011616 0.636023 0.495211 0.413625 1.377419 -0.310363 -2.564735
 155.000000 0.014717 0.520563 0.526801 0.906359 2.412175 -0.438199 -1.547291
 156.000000 0.013517 0.575626 0.479714 0.952298 2.163072 -0.590641 -1.274494
 157.000000 0.012550 0.586790 0.373602 0.606552 1.774510 -0.997684 -1.952511
 158.000000 0.012313 0.478432 0.754631 -0.017839 1.193097 -1.310691 2.351797
 159.000000 0.011045 0.615940 0.752071 0.236306 1.011957 -1.774774 1.729842
 160.000000 0.011941 0.659344 0.668492 0.252059 0.686863 -0.598542 2.626889
 161.000000 0.016231 0.590340 0.522637 0.639375 1.921840 -0.219074 -2.230508
 162.000000 0.015797 0.647722 0.593540 0.115841 1.051859 -0.643731 3.050444
 163.000000 0.008507 0.425313 0.590902 0.770443 2.157606 -2.096698 -0.098634
 164.000000 0.011420 0.386385 0.694908 0.511665 1.989932 -2.855507 0.129160
 165.000000 0.009442 0.495926 0.436425 0.505564 2.509509 2.814225 1.855533
 166.000000 0.012718 0.399938 0.498090 0.792755 2.840124 -1.820650 -0.164729
 167.000000 0.014070 0.403299 0.693605 0.954781 2.630022 -1.613515 -0.008234
 168.000000 0.013723 0.567642 0.918618 0.717912 2.040520 -0.540451 0.252407
 169.000000 0.008913 0.610338 0.398388 0.469317 1.563037 -0.418002 -1.776096
 170.000000 0.008947 0.410934 0.794987 0.364318 1.329836 -2.244117 1.489641
 171.000000 0.012949 0.647473 0.573055 0.759766 1.277528 -0.775882 -1.365976
 172.000000 0.014388 0.632049 0.452399 0.429895 1.680088 -0.268691 -2.606553
 173.000000 0.010092 0.642456 0.857396 0.510206 0.330437 -0.654462 2.574010
 174.000000 0.000046 0.437832 0.705050 0.791103 2.426953 -2.215679 0.167950
 175.000000 0.010459 0.450611 0.378250 0.531741 3.075907 1.879879 1.985622
 176.000000 0.010280 0.368367 0.818026 0.674369 1.626475 -2.843689 0.305388
 177.000000 0.014562 0.611158 0.530856 0.549842 1.372361 -0.146079 -2.566070
 178.000000 0.014171 0.399597 0.607613 0.748078 1.835574 -1.587807 -1.113534
 179.000000 0.012095 0.395629 0.646600 0.918513 2.751798 -1.338721 -0.624514
 180.000000 0.008863 0.481483 0.904579 0.292601 0.850232 -2.630367 0.750523
 181.000000 0.013009 0.446482 0.775792 0.608195 1.453794 -2.674695 0.351186
 182.000000 0.015003 0.405722 0.430651 0.285025 2.852443 -3.082963 -0.311459
 183.000000 0.013895 0.722306 0.618367 0.310522 0.753185 -0.249919 2.857964
 184.000000 0.011775 0.674162 0.604900 0.106721 0.578255 -0.494958 -2.712724
 185.000000 0.012509 0.627065 0.698537 0.413215 0.927679 -0.278739 3.036336
 186.000000 0.012047 0.599842 0.547552 0.355017 1.361522 -0.235785 2.931334
 187.000000 0.013216 0.525745 0.814876 0.290767 0.633293 -2.094996 1.289019
 188.000000 0.013042 0.564321 0.752359 0.718939 0.987101 -3.046414 0.009666
 189.000000 0.009806 0.529775 0.318386 0.499164 2.652149 -0.171167 -2.755977
 190.000000 0.010791 0.549024 0.380504 0.516817 2.836235 -0.469278 -2.557539
 191.000000 0.011699 0.540491 0.775123 0.101379 0.862781 2.237902 0.030471
 192.000000 0.008775 0.601494 0.627189 0.015046 1.029981 -0.712296 2.729619
 193.000000 0.010868 0.655661 0.417242 0.339611 1.353772 -0.343329 -2.773391
 194.000000 0.008682 0.441357 0.420978 0.588765 2.880340 3.099380 0.537438
 195.000000 0.014792 0.444613 0.460398 0.673797 2.634148 -3.063873 0.345988
 196.000000 0.012885 0.552294 0.356927 0.778739 2.265297 -0.089828 -2.141054
 197.000000 0.008033 0.407719 0.690797 1.002269 2.566410 -1.681917 -0.154710
 198.000000 0.009974 0.676187 0.702803 0.399629 0.885765 -0.169346 -3.127137
 199.000000 0.011203 0.574465 0.467272 0.477490 1.687299 -0.383471 -2.473461
 200.000000 0.012627 0.430305 0.432152 0.780096 2.752415 -2.418333 -0.039962
