#! FIELDS time rmsd
 0.000000 0.013076
 1.000000 0.014177
 2.000000 0.015722
 3.000000 0.009615
 4.000000 0.010918
 5.000000 0.011728
 6.000000 0.012323
 7.000000 0.012381
 8.000000 0.012907
 9.000000 0.020953
 10.000000 0.014516
 11.000000 0.010203
 12.000000 0.010459
 13.000000 0.014731
 14.000000 0.014097
 15.000000 0.017580
 16.000000 0.011961
 17.000000 0.010031
 18.000000 0.010691
 19.000000 0.011892
 20.000000 0.006564
 21.000000 0.013879
 22.000000 0.012169
 23.000000 0.016105
 24.000000 0.016045
 25.000000 0.011088
 26.000000 0.012717
 27.000000 0.011369
 28.000000 0.014625
 29.000000 0.010477
 30.000000 0.012164
 31.000000 0.010120
 32.000000 0.015234
 33.000000 0.009760
 34.000000 0.009304
 35.000000 0.011014
 36.000000 0.013365
 37.000000 0.011866
 38.000000 0.010526
 39.000000 0.010554
 40.000000 0.010111
 41.000000 0.019209
 42.000000 0.014280
 43.000000 0.010894
 44.000000 0.013444
 45.000000 0.014375
 46.000000 0.007440
 47.000000 0.009184
 48.000000 0.011650
 49.000000 0.014962
 50.000000 0.012438
 51.000000 0.010107
 52.000000 0.014605
 53.000000 0.013673
 54.000000 0.010719
 55.000000 0.012137
 56.000000 0.011777
 57.000000 0.010122
 58.000000 0.012577
 59.000000 0.019264
 60.000000 0.012989
 61.000000 0.013251
 62.000000 0.009415
 63.000000 0.014627
 64.000000 0.012200
 65.000000 0.013718
 66.000000 0.008666
 67.000000 0.016781
 68.000000 0.012593
 69.000000 0.011229
 70.000000 0.011266
 71.000000 0.017401
 72.000000 0.013982
 73.000000 0.016703
 74.000000 0.016138
 75.000000 0.017751
 76.000000 0.011298
 77.000000 0.010547
 78.000000 0.021146
 79.000000 0.010788
 80.000000 0.013818
 81.000000 0.015728
 82.000000 0.018791
 83.000000 0.012696
 84.000000 0.012160
 85.000000 0.010804
 86.000000 0.011888
 87.000000 0.012494
 88.000000 0.017597
 89.000000 0.018130
 90.000000 0.011435
 91.000000 0.012535
 92.000000 0.009684
 93.000000 0.011529
 94.000000 0.009447
 95.000000 0.009298
 96.000000 0.012492
 97.000000 0.017070
 98.000000 0.010617
 99.000000 0.014012
 100.000000 0.010997
 101.000000 0.008726
 102.000000 0.013391
 103.000000 0.014553
 104.000000 0.016492
 105.000000 0.007867
 106.000000 0.012663
 107.000000 0.011485
 108.000000 0.013309
 109.000000 0.016466
 110.000000 0.014502
 111.000000 0.014334
 112.000000 0.014236
 113.000000 0.016669
 114.000000 0.015600
 115.000000 0.015985
 116.000000 0.011136
 117.000000 0.013696
 118.000000 0.008943
 119.000000 0.012500
 120.000000 0.011533
 121.000000 0.016113
 122.000000 0.013218
 123.000000 0.013734
 124.000000 0.011296
 125.000000 0.015471
 126.000000 0.012578
 127.000000 0.015978
 128.000000 0.011866
 129.000000 0.020017
 130.000000 0.010237
 131.000000 0.013768
 132.000000 0.012579
 133.000000 0.011143
 134.000000 0.013579
 135.000000 0.011980
 136.000000 0.014343
 137.000000 0.020117
 138.000000 0.010828
 139.000000 0.011473
 140.000000 0.013354
 141.000000 0.010771
 142.000000 0.021878
 143.000000 0.012503
 144.000000 0.015868
 145.000000 0.014793
 146.000000 0.012028
 147.000000 0.012670
 148.000000 0.012481
 149.000000 0.009653
 150.000000 0.011021
 151.000000 0.012470
 152.000000 0.010241
 153.000000 0.017849
 154.000000 0.008339
 155.000000 0.008903
 156.000000 0.010397
 157.000000 0.008499
 158.000000 0.010735
 159.000000 0.011318
 160.000000 0.006975
 161.000000 0.009094
 162.000000 0.013955
 163.000000 0.011810
 164.000000 0.014668
 165.000000 0.009714
 166.000000 0.011325
 167.000000 0.014125
 168.000000 0.012185
 169.000000 0.012431
 170.000000 0.013191
 171.000000 0.012977
 172.000000 0.011032
 173.000000 0.009515
 174.000000 0.014717
 175.000000 0.012118
 176.000000 0.013761
 177.000000 0.010427
 178.000000 0.008331
 179.000000 0.013659
 180.000000 0.011690
 181.000000 0.011369
 182.000000 0.009761
 183.000000 0.016667
 184.000000 0.010943
 185.000000 0.020040
 186.000000 0.014756
 187.000000 0.012987
 188.000000 0.012169
 189.000000 0.012577
 190.000000 0.015323
 191.000000 0.017009
 192.000000 0.012312
 193.000000 0.010970
 194.000000 0.010142
 195.000000 0.013281
 196.000000 0.014370
 197.000000 0.011500
 198.000000 0.014282
 199.000000 0.015582
 200.000000 0.013061
 201.000000 0.015114
 202.000000 0.009069
 203.000000 0.015225
 204.000000 0.016126
 205.000000 0.012832
 206.000000 0.019974
 207.000000 0.011288
 208.000000 0.012185
 209.000000 0.013710
 210.000000 0.012680
 211.000000 0.012194
 212.000000 0.015400
 213.000000 0.012130
 214.000000 0.014161
 215.000000 0.012682
 216.000000 0.012023
 217.000000 0.010590
 218.000000 0.015856
 219.000000 0.012604
 220.000000 0.017186
 221.000000 0.018900
 222.000000 0.017447
 223.000000 0.015786
 224.000000 0.012610
 225.000000 0.009205
 226.000000 0.009033
 227.000000 0.014676
 228.000000 0.011064
 229.000000 0.014450
 230.000000 0.015040
 231.000000 0.012582
 232.000000 0.013109
 233.000000 0.019240
 234.000000 0.013457
 235.000000 0.011315
 236.000000 0.016667
 237.000000 0.012275
 238.000000 0.021902
 239.000000 0.014756
 240.000000 0.012138
 241.000000 0.011570
 242.000000 0.016896
 243.000000 0.013476
 244.000000 0.014475
 245.000000 0.010678
 246.000000 0.011937
 247.000000 0.015634
 248.000000 0.013200
 249.000000 0.011937
 250.000000 0.010589
 251.000000 0.019497
 252.000000 0.010870
 253.000000 0.010125
 254.000000 0.013714
 255.000000 0.012737
 256.000000 0.012725
 257.000000 0.010878
 258.000000 0.010178
 259.000000 0.017052
 260.000000 0.014112
 261.000000 0.011218
 262.000000 0.016305
 263.000000 0.009912
 264.000000 0.011422
 265.000000 0.012862
 266.000000 0.010979
 267.000000 0.010707
 268.000000 0.010115
 269.000000 0.015499
 270.000000 0.014127
 271.000000 0.012039
 272.000000 0.011258
 273.000000 0.011632
 274.000000 0.015352
 275.000000 0.019399
 276.000000 0.009662
 277.000000 0.013830
 278.000000 0.011225
 279.000000 0.016014
 280.000000 0.010825
 281.000000 0.010246
 282.000000 0.012065
 283.000000 0.011328
 284.000000 0.012866
 285.000000 0.009795
 286.000000 0.010566
 287.000000 0.008716
 288.000000 0.014129
 289.000000 0.016691
 290.000000 0.013800
 291.000000 0.012412
 292.000000 0.014201
 293.000000 0.012392
 294.000000 0.012116
 295.000000 0.015544
 296.000000 0.010138
 297.000000 0.012206
 298.000000 0.009669
 299.000000 0.010468
 300.000000 0.012382
 301.000000 0.014895
 302.000000 0.009432
 303.000000 0.016012
 304.000000 0.012848
 305.000000 0.011365
 306.000000 0.011199
 307.000000 0.009337
 308.000000 0.012423
 309.000000 0.010829
 310.000000 0.007858
 311.000000 0.013018
 312.000000 0.009803
 313.000000 0.008972
 314.000000 0.009045
 315.000000 0.010146
 316.000000 0.019214
 317.000000 0.018482
 318.000000 0.016853
 319.000000 0.010602
 320.000000 0.014365
 321.000000 0.010235
 322.000000 0.007858
 323.000000 0.016216
 324.000000 0.011830
 325.000000 0.015652
 326.000000 0.014160
 327.000000 0.011596
 328.000000 0.010960
 329.000000 0.009738
 330.000000 0.007490
 331.000000 0.014454
 332.000000 0.011510
 333.000000 0.012156
 334.000000 0.010885
 335.000000 0.016411
 336.000000 0.014936
 337.000000 0.015680
 338.000000 0.013262
 339.000000 0.011931
 340.000000 0.010199
 341.000000 0.009246
 342.000000 0.011581
 343.000000 0.011477
 344.000000 0.009960
 345.000000 0.014939
 346.000000 0.011591
 347.000000 0.011884
 348.000000 0.013749
 349.000000 0.013165
 350.000000 0.010493
 351.000000 0.015912
 352.000000 0.010345
 353.000000 0.014574
 354.000000 0.011961
 355.000000 0.014304
 356.000000 0.014532
 357.000000 0.014637
 358.000000 0.011129
 359.000000 0.014142
 360.000000 0.015988
 361.000000 0.015568
 362.000000 0.013831
 363.000000 0.008577
 364.000000 0.015493
 365.000000 0.008002
 366.000000 0.013907
 367.000000 0.020699
 368.000000 0.015977
 369.000000 0.013338
 370.000000 0.010034
 371.000000 0.011661
 372.000000 0.013740
 373.000000 0.010101
 374.000000 0.011159
 375.000000 0.014497
 376.000000 0.014280
 377.000000 0.014580
 378.000000 0.010646
 379.000000 0.012432
 380.000000 0.020571
 381.000000 0.015212
 382.000000 0.011998
 383.000000 0.016246
 384.000000 0.012176
 385.000000 0.014204
 386.000000 0.014850
 387.000000 0.014721
 388.000000 0.017552
 389.000000 0.017238
 390.000000 0.012387
 391.000000 0.011065
 392.000000 0.012251
 393.000000 0.011783
 394.000000 0.011717
 395.000000 0.010049
 396.000000 0.017878
 397.000000 0.012213
 398.000000 0.013218
 399.000000 0.020612
 400.000000 0.009410
 401.000000 0.012358
 402.000000 0.015006
 403.000000 0.011180
 404.000000 0.014080
 405.000000 0.017201
 406.000000 0.017845
 407.000000 0.012690
 408.000000 0.011186
 409.000000 0.022355
 410.000000 0.017765
 411.000000 0.015409
 412.000000 0.014195
 413.000000 0.010773
 414.000000 0.012302
 415.000000 0.013567
 416.000000 0.011419
 417.000000 0.009389
 418.000000 0.010498
 419.000000 0.013111
 420.000000 0.012679
 421.000000 0.017314
 422.000000 0.014141
 423.000000 0.015606
 424.000000 0.009916
 425.000000 0.011905
 426.000000 0.010829
 427.000000 0.013035
 428.000000 0.011334
 429.000000 0.015531
 430.000000 0.014849
 431.000000 0.012552
 432.000000 0.015777
 433.000000 0.015259
 434.000000 0.013269
 435.000000 0.013255
 436.000000 0.012584
 437.000000 0.016707
 438.000000 0.018998
 439.000000 0.015012
 440.000000 0.015430
 441.000000 0.018266
 442.000000 0.014398
 443.000000 0.019444
 444.000000 0.018803
 445.000000 0.013830
 446.000000 0.018755
 447.000000 0.013956
 448.000000 0.014579
 449.000000 0.014617
 450.000000 0.017266
 451.000000 0.014727
 452.000000 0.019926
 453.000000 0.014674
 454.000000 0.013224
 455.000000 0.013619
 456.000000 0.013244
 457.000000 0.021007
 458.000000 0.012188
 459.000000 0.014935
 460.000000 0.014579
 461.000000 0.020035
 462.000000 0.014928
 463.000000 0.013908
 464.000000 0.016597
 465.000000 0.011101
 466.000000 0.012796
 467.000000 0.014243
 468.000000 0.010638
 469.000000 0.011499
 470.000000 0.012773
 471.000000 0.013850
 472.000000 0.023613
 473.000000 0.015427
 474.000000 0.018403
 475.000000 0.013422
 476.000000 0.014992
 477.000000 0.015130
 478.000000 0.010241
 479.000000 0.018766
 480.000000 0.016719
 481.000000 0.014250
 482.000000 0.010622
 483.000000 0.010613
 484.000000 0.011417
 485.000000 0.018625
 486.000000 0.011934
 487.000000 0.013461
 488.000000 0.011639
 489.000000 0.015496
 490.000000 0.012358
 491.000000 0.015021
 492.000000 0.014957
 493.000000 0.015921
 494.000000 0.012715
 495.000000 0.013487
 496.000000 0.010724
 497.000000 0.011786
 498.000000 0.012670
 499.000000 0.012231
 500.000000 0.009972
 501.000000 0.018127
 502.000000 0.014526
 503.000000 0.020491
 504.000000 0.017583
 505.000000 0.014408
 506.000000 0.009368
 507.000000 0.010668
 508.000000 0.016956
 509.000000 0.012930
 510.000000 0.013628
 511.000000 0.013491
 512.000000 0.012841
 513.000000 0.011497
 514.000000 0.013023
 515.000000 0.017404
 516.000000 0.010658
 517.000000 0.012678
 518.000000 0.012499
 519.000000 0.010423
 520.000000 0.014985
 521.000000 0.012229
 522.000000 0.011669
 523.000000 0.014355
 524.000000 0.015784
 525.000000 0.013843
 526.000000 0.014937
 527.000000 0.014365
 528.000000 0.014168
 529.000000 0.017227
 530.000000 0.011478
 531.000000 0.011937
 532.000000 0.014603
 533.000000 0.017105
 534.000000 0.016513
 535.000000 0.014867
 536.000000 0.013333
 537.000000 0.019944
 538.000000 0.009964
 539.000000 0.014277
 540.000000 0.013031
 541.000000 0.015987
 542.000000 0.014612
 543.000000 0.013909
 544.000000 0.017685
 545.000000 0.013103
 546.000000 0.020871
 547.000000 0.008244
 548.000000 0.011536
 549.000000 0.010706
 550.000000 0.011564
 551.000000 0.012871
 552.000000 0.008445
 553.000000 0.014895
 554.000000 0.010731
 555.000000 0.020513
 556.000000 0.008593
 557.000000 0.015172
 558.000000 0.010356
 559.000000 0.015205
 560.000000 0.014394
 561.000000 0.014217
 562.000000 0.012243
 563.000000 0.013238
 564.000000 0.012646
 565.000000 0.010565
 566.000000 0.011760
 567.000000 0.016600
 568.000000 0.018566
 569.000000 0.011318
 570.000000 0.015257
 571.000000 0.015064
 572.000000 0.011958
 573.000000 0.011583
 574.000000 0.009724
 575.000000 0.010351
 576.000000 0.015218
 577.000000 0.011427
 578.000000 0.010637
 579.000000 0.014923
 580.000000 0.020039
 581.000000 0.009354
 582.000000 0.016864
 583.000000 0.016805
 584.000000 0.010599
 585.000000 0.015424
 586.000000 0.015591
 587.000000 0.012527
 588.000000 0.012715
 589.000000 0.009870
 590.000000 0.012914
 591.000000 0.014321
 592.000000 0.016088
 593.000000 0.011935
 594.000000 0.009806
 595.000000 0.009599
 596.000000 0.009746
 597.000000 0.009445
 598.000000 0.013241
 599.000000 0.011988
 600.000000 0.012204
 601.000000 0.014923
 602.000000 0.010181
 603.000000 0.012659
 604.000000 0.013716
 605.000000 0.009395
 606.000000 0.008696
 607.000000 0.011424
 608.000000 0.013817
 609.000000 0.010073
 610.000000 0.014614
 611.000000 0.013805
 612.000000 0.014645
 613.000000 0.014385
 614.000000 0.008684
 615.000000 0.013713
 616.000000 0.009832
 617.000000 0.015398
 618.000000 0.018094
 619.000000 0.016605
 620.000000 0.012397
 621.000000 0.016452
 622.000000 0.013668
 623.000000 0.010965
 624.000000 0.012405
 625.000000 0.010243
 626.000000 0.012215
 627.000000 0.011252
 628.000000 0.011603
 629.000000 0.009241
 630.000000 0.010860
 631.000000 0.015140
 632.000000 0.015019
 633.000000 0.010793
 634.000000 0.011919
 635.000000 0.012729
 636.000000 0.013599
 637.000000 0.012331
 638.000000 0.010912
 639.000000 0.010788
 640.000000 0.009592
 641.000000 0.008222
 642.000000 0.008175
 643.000000 0.012496
 644.000000 0.017172
 645.000000 0.009476
 646.000000 0.014823
 647.000000 0.009982
 648.000000 0.013653
 649.000000 0.011233
 650.000000 0.012605
 651.000000 0.008831
 652.000000 0.011339
 653.000000 0.017299
 654.000000 0.022762
 655.000000 0.010194
 656.000000 0.014440
 657.000000 0.008440
 658.000000 0.012005
 659.000000 0.012628
 660.000000 0.012695
 661.000000 0.009724
 662.000000 0.012666
 663.000000 0.015359
 664.000000 0.012868
 665.000000 0.012732
 666.000000 0.011632
 667.000000 0.016846
 668.000000 0.014102
 669.000000 0.012354
 670.000000 0.009601
 671.000000 0.008402
 672.000000 0.020107
 673.000000 0.011510
 674.000000 0.017847
 675.000000 0.015946
 676.000000 0.011063
 677.000000 0.013021
 678.000000 0.013480
 679.000000 0.011356
 680.000000 0.014115
 681.000000 0.017578
 682.000000 0.014678
 683.000000 0.015854
 684.000000 0.013910
 685.000000 0.016110
 686.000000 0.015992
 687.000000 0.010110
 688.000000 0.011099
 689.000000 0.020475
 690.000000 0.010359
 691.000000 0.014988
 692.000000 0.010811
 693.000000 0.014689
 694.000000 0.012439
 695.000000 0.010121
 696.000000 0.009372
 697.000000 0.013905
 698.000000 0.011201
 699.000000 0.010563
 700.000000 0.011015
 701.000000 0.015102
 702.000000 0.012152
 703.000000 0.011974
 704.000000 0.009797
 705.000000 0.011519
 706.000000 0.008210
 707.000000 0.010197
 708.000000 0.009129
 709.000000 0.008926
 710.000000 0.013294
 711.000000 0.014381
 712.000000 0.009555
 713.000000 0.010510
 714.000000 0.009449
 715.000000 0.010724
 716.000000 0.010841
 717.000000 0.012346
 718.000000 0.009466
 719.000000 0.006504
 720.000000 0.010330
 721.000000 0.011379
 722.000000 0.009536
 723.000000 0.010252
 724.000000 0.008752
 725.000000 0.006796
 726.000000 0.009894
 727.000000 0.013612
 728.000000 0.018155
 729.000000 0.016282
 730.000000 0.014662
 731.000000 0.010670
 732.000000 0.010203
 733.000000 0.010529
 734.000000 0.010753
 735.000000 0.013409
 736.000000 0.010560
 737.000000 0.012989
 738.000000 0.014376
 739.000000 0.012283
 740.000000 0.010057
 741.000000 0.015971
 742.000000 0.009189
 743.000000 0.008513
 744.000000 0.009131
 745.000000 0.014330
 746.000000 0.014175
 747.000000 0.009124
 748.000000 0.012086
 749.000000 0.012226
 750.000000 0.016523
 751.000000 0.009621
 752.000000 0.013107
 753.000000 0.008247
 754.000000 0.012339
 755.000000 0.012940
 756.000000 0.014563
 757.000000 0.013126
 758.000000 0.012108
 759.000000 0.011347
 760.000000 0.010941
 761.000000 0.011701
 762.000000 0.013191
 763.000000 0.013727
 764.000000 0.011151
 765.000000 0.011145
 766.000000 0.013240
 767.000000 0.007655
 768.000000 0.013692
 769.000000 0.014445
 770.000000 0.016256
 771.000000 0.015735
 772.000000 0.008881
 773.000000 0.010244
 774.000000 0.016532
 775.000000 0.017789
 776.000000 0.017974
 777.000000 0.014678
 778.000000 0.014827
 779.000000 0.021323
 780.000000 0.014080
 781.000000 0.011019
 782.000000 0.010768
 783.000000 0.012651
 784.000000 0.016855
 785.000000 0.011790
 786.000000 0.013420
 787.000000 0.016559
 788.000000 0.013128
 789.000000 0.014780
 790.000000 0.010317
 791.000000 0.012081
 792.000000 0.014299
 793.000000 0.014944
 794.000000 0.015667
 795.000000 0.013282
 796.000000 0.013196
 797.000000 0.015016
 798.000000 0.012181
 799.000000 0.011300
 800.000000 0.013959
 801.000000 0.010828
 802.000000 0.015730
 803.000000 0.014066
 804.000000 0.009472
 805.000000 0.010122
 806.000000 0.015869
 807.000000 0.014626
 808.000000 0.011967
 809.000000 0.010276
 810.000000 0.012455
 811.000000 0.010857
 812.000000 0.011178
 813.000000 0.010451
 814.000000 0.009468
 815.000000 0.012994
 816.000000 0.011624
 817.000000 0.011482
 818.000000 0.014739
 819.000000 0.010798
 820.000000 0.012553
 821.000000 0.014156
 822.000000 0.011282
 823.000000 0.013540
 824.000000 0.014701
 825.000000 0.017459
 826.000000 0.014942
 827.000000 0.017285
 828.000000 0.019224
 829.000000 0.023748
 830.000000 0.015877
 831.000000 0.019731
 832.000000 0.019732
 833.000000 0.018343
 834.000000 0.015064
 835.000000 0.012497
 836.000000 0.018557
 837.000000 0.017733
 838.000000 0.017393
 839.000000 0.012911
 840.000000 0.013861
 841.000000 0.011932
 842.000000 0.007449
 843.000000 0.016829
 844.000000 0.015584
 845.000000 0.013164
 846.000000 0.016391
 847.000000 0.008758
 848.000000 0.011589
 849.000000 0.015592
 850.000000 0.016792
 851.000000 0.008591
 852.000000 0.025262
 853.000000 0.011334
 854.000000 0.012297
 855.000000 0.013227
 856.000000 0.016153
 857.000000 0.013320
 858.000000 0.010158
 859.000000 0.013932
 860.000000 0.011463
 861.000000 0.012446
 862.000000 0.019079
 863.000000 0.011310
 864.000000 0.017945
 865.000000 0.014794
 866.000000 0.015575
 867.000000 0.010504
 868.000000 0.017361
 869.000000 0.011982
 870.000000 0.011727
 871.000000 0.009366
 872.000000 0.015485
 873.000000 0.016264
 874.000000 0.021150
 875.000000 0.019367
 876.000000 0.011362
 877.000000 0.012320
 878.000000 0.014203
 879.000000 0.012526
 880.000000 0.009969
 881.000000 0.012169
 882.000000 0.012454
 883.000000 0.012142
 884.000000 0.014519
 885.000000 0.009060
 886.000000 0.012031
 887.000000 0.013126
 888.000000 0.012271
 889.000000 0.015156
 890.000000 0.011809
 891.000000 0.010626
 892.000000 0.027262
 893.000000 0.013786
 894.000000 0.012648
 895.000000 0.017319
 896.000000 0.014094
 897.000000 0.011294
 898.000000 0.016325
 899.000000 0.012376
 900.000000 0.015127
 901.000000 0.010135
 902.000000 0.018238
 903.000000 0.012245
 904.000000 0.013244
 905.000000 0.016973
 906.000000 0.011572
 907.000000 0.011312
 908.000000 0.016437
 909.000000 0.016142
 910.000000 0.013718
 911.000000 0.014425
 912.000000 0.021881
 913.000000 0.014069
 914.000000 0.010981
 915.000000 0.014512
 916.000000 0.024646
 917.000000 0.017296
 918.000000 0.013010
 919.000000 0.009814
 920.000000 0.010326
 921.000000 0.015867
 922.000000 0.016915
 923.000000 0.015168
 924.000000 0.012877
 925.000000 0.009871
 926.000000 0.018215
 927.000000 0.016133
 928.000000 0.010173
 929.000000 0.014362
 930.000000 0.014504
 931.000000 0.013412
 932.000000 0.018663
 933.000000 0.021477
 934.000000 0.017482
 935.000000 0.008724
 936.000000 0.011057
 937.000000 0.012031
 938.000000 0.011051
 939.000000 0.010241
 940.000000 0.013805
 941.000000 0.013131
 942.000000 0.011191
 943.000000 0.013233
 944.000000 0.012057
 945.000000 0.013160
 946.000000 0.012086
 947.000000 0.015743
 948.000000 0.009449
 949.000000 0.014780
 950.000000 0.011593
 951.000000 0.013315
 952.000000 0.012269
 953.000000 0.011339
 954.000000 0.011816
 955.000000 0.014652
 956.000000 0.009243
 957.000000 0.008762
 958.000000 0.008469
 959.000000 0.013582
 960.000000 0.012174
 961.000000 0.012911
 962.000000 0.011852
 963.000000 0.010130
 964.000000 0.011570
 965.000000 0.010243
 966.000000 0.012011
 967.000000 0.013917
 968.000000 0.015836
 969.000000 0.008078
 970.000000 0.014222
 971.000000 0.012242
 972.000000 0.007689
 973.000000 0.012402
 974.000000 0.011081
 975.000000 0.011154
 976.000000 0.011815
 977.000000 0.010571
 978.000000 0.012111
 979.000000 0.011917
 980.000000 0.014068
 981.000000 0.015325
 982.000000 0.012767
 983.000000 0.010496
 984.000000 0.012285
 985.000000 0.016008
 986.000000 0.016416
 987.000000 0.009158
 988.000000 0.007648
 989.000000 0.013268
 990.000000 0.010721
 991.000000 0.010104
 992.000000 0.012402
 993.000000 0.015641
 994.000000 0.012567
 995.000000 0.010206
 996.000000 0.013218
 997.000000 0.012623
 998.000000 0.011985
 999.000000 0.011744
 1000.000000 0.009174
 1001.000000 0.012666
 1002.000000 0.011763
 1003.000000 0.011454
 1004.000000 0.012215
 1005.000000 0.008762
 1006.000000 0.015034
 1007.000000 0.009983
 1008.000000 0.011093
 1009.000000 0.013952
 1010.000000 0.010086
 1011.000000 0.011699
 1012.000000 0.013231
 1013.000000 0.011037
 1014.000000 0.009895
 1015.000000 0.012220
 1016.000000 0.012554
 1017.000000 0.011747
 1018.000000 0.016183
 1019.000000 0.008551
 1020.000000 0.010452
 1021.000000 0.009822
 1022.000000 0.015303
 1023.000000 0.012027
 1024.000000 0.010109
 1025.000000 0.010312
 1026.000000 0.010140
 1027.000000 0.012723
 1028.000000 0.019238
 1029.000000 0.012746
 1030.000000 0.015702
 1031.000000 0.014895
 1032.000000 0.010570
 1033.000000 0.014112
 1034.000000 0.016308
 1035.000000 0.020910
 1036.000000 0.014568
 1037.000000 0.011131
 1038.000000 0.012383
 1039.000000 0.014761
 1040.000000 0.014257
 1041.000000 0.012999
 1042.000000 0.011611
 1043.000000 0.012777
 1044.000000 0.011156
 1045.000000 0.009856
 1046.000000 0.013468
 1047.000000 0.012791
 1048.000000 0.015957
 1049.000000 0.017281
 1050.000000 0.010170
 1051.000000 0.010394
 1052.000000 0.016525
 1053.000000 0.016003
 1054.000000 0.013843
 1055.000000 0.012027
 1056.000000 0.014152
 1057.000000 0.012646
 1058.000000 0.015517
 1059.000000 0.015039
 1060.000000 0.013167
 1061.000000 0.010029
 1062.000000 0.012119
 1063.000000 0.013498
 1064.000000 0.015911
 1065.000000 0.015490
 1066.000000 0.013538
 1067.000000 0.010545
 1068.000000 0.013985
 1069.000000 0.014952
 1070.000000 0.023719
 1071.000000 0.016876
 1072.000000 0.015113
 1073.000000 0.008762
 1074.000000 0.014000
 1075.000000 0.013138
 1076.000000 0.010584
 1077.000000 0.014168
 1078.000000 0.008494
 1079.000000 0.011764
 1080.000000 0.016918
 1081.000000 0.011372
 1082.000000 0.012724
 1083.000000 0.010831
 1084.000000 0.010663
 1085.000000 0.008942
 1086.000000 0.008594
 1087.000000 0.013434
 1088.000000 0.011605
 1089.000000 0.016227
 1090.000000 0.014810
 1091.000000 0.020851
 1092.000000 0.012808
 1093.000000 0.016559
 1094.000000 0.018046
 1095.000000 0.016672
 1096.000000 0.015182
 1097.000000 0.010275
 1098.000000 0.007391
 1099.000000 0.010957
 1100.000000 0.012447
 1101.000000 0.014277
 1102.000000 0.018485
 1103.000000 0.012003
 1104.000000 0.011290
 1105.000000 0.014327
 1106.000000 0.015516
 1107.000000 0.010453
 1108.000000 0.015860
 1109.000000 0.006182
 1110.000000 0.019706
 1111.000000 0.011660
 1112.000000 0.010616
 1113.000000 0.016020
 1114.000000 0.012092
 1115.000000 0.013064
 1116.000000 0.011170
 1117.000000 0.011884
 1118.000000 0.010316
 1119.000000 0.015082
 1120.000000 0.009488
 1121.000000 0.018023
 1122.000000 0.017964
 1123.000000 0.015876
 1124.000000 0.008434
 1125.000000 0.008572
 1126.000000 0.012275
 1127.000000 0.017765
 1128.000000 0.015090
 1129.000000 0.009009
 1130.000000 0.011538
 1131.000000 0.011413
 1132.000000 0.012063
 1133.000000 0.011841
 1134.000000 0.017109
 1135.000000 0.012500
 1136.000000 0.008746
 1137.000000 0.013440
 1138.000000 0.011189
 1139.000000 0.011760
 1140.000000 0.016019
 1141.000000 0.011742
 1142.000000 0.012605
 1143.000000 0.018457
 1144.000000 0.012652
 1145.000000 0.013710
 1146.000000 0.009803
 1147.000000 0.010467
 1148.000000 0.014459
 1149.000000 0.010327
 1150.000000 0.016512
 1151.000000 0.011418
 1152.000000 0.010985
 1153.000000 0.009426
 1154.000000 0.013464
 1155.000000 0.017395
 1156.000000 0.024049
 1157.000000 0.019832
 1158.000000 0.015768
 1159.000000 0.012659
 1160.000000 0.012200
 1161.000000 0.015344
 1162.000000 0.021771
 1163.000000 0.010205
 1164.000000 0.016782
 1165.000000 0.013942
 1166.000000 0.015844
 1167.000000 0.009684
 1168.000000 0.011730
 1169.000000 0.012525
 1170.000000 0.008857
 1171.000000 0.014539
 1172.000000 0.013012
 1173.000000 0.013289
 1174.000000 0.010492
 1175.000000 0.017682
 1176.000000 0.013869
 1177.000000 0.018429
 1178.000000 0.018338
 1179.000000 0.010376
 1180.000000 0.012377
 1181.000000 0.020149
 1182.000000 0.014882
 1183.000000 0.012645
 1184.000000 0.013664
 1185.000000 0.015000
 1186.000000 0.011078
 1187.000000 0.007465
 1188.000000 0.008849
 1189.000000 0.012456
 1190.000000 0.018823
 1191.000000 0.013630
 1192.000000 0.013279
 1193.000000 0.006774
 1194.000000 0.009570
 1195.000000 0.010466
 1196.000000 0.009597
 1197.000000 0.010902
 1198.000000 0.014381
 1199.000000 0.012432
 1200.000000 0.010881
 1201.000000 0.016382
 1202.000000 0.012080
 1203.000000 0.010875
 1204.000000 0.015903
 1205.000000 0.009141
 1206.000000 0.012034
 1207.000000 0.013158
 1208.000000 0.020034
 1209.000000 0.012422
 1210.000000 0.011144
 1211.000000 0.013768
 1212.000000 0.015953
 1213.000000 0.015560
 1214.000000 0.013391
 1215.000000 0.013245
 1216.000000 0.010906
 1217.000000 0.012550
 1218.000000 0.011293
 1219.000000 0.013495
 1220.000000 0.011022
 1221.000000 0.017023
 1222.000000 0.012660
 1223.000000 0.013864
 1224.000000 0.015138
 1225.000000 0.011178
 1226.000000 0.014448
 1227.000000 0.010213
 1228.000000 0.010475
 1229.000000 0.012377
 1230.000000 0.010644
 1231.000000 0.012899
 1232.000000 0.015031
 1233.000000 0.014596
 1234.000000 0.008648
 1235.000000 0.011556
 1236.000000 0.011229
 1237.000000 0.012081
 1238.000000 0.012249
 1239.000000 0.009600
 1240.000000 0.012047
 1241.000000 0.012952
 1242.000000 0.011295
 1243.000000 0.012174
 1244.000000 0.017704
 1245.000000 0.013979
 1246.000000 0.008875
 1247.000000 0.009036
 1248.000000 0.014909
 1249.000000 0.010374
 1250.000000 0.011866
 1251.000000 0.012701
 1252.000000 0.007652
 1253.000000 0.013650
 1254.000000 0.009543
 1255.000000 0.012154
 1256.000000 0.007868
 1257.000000 0.014710
 1258.000000 0.012459
 1259.000000 0.011776
 1260.000000 0.010930
 1261.000000 0.010749
 1262.000000 0.011844
 1263.000000 0.011580
 1264.000000 0.010505
 1265.000000 0.011120
 1266.000000 0.010365
 1267.000000 0.017398
 1268.000000 0.012528
 1269.000000 0.011018
 1270.000000 0.009407
 1271.000000 0.011389
 1272.000000 0.012903
 1273.000000 0.009700
 1274.000000 0.012329
 1275.000000 0.009142
 1276.000000 0.021312
 1277.000000 0.012906
 1278.000000 0.020060
 1279.000000 0.013420
 1280.000000 0.019254
 1281.000000 0.013026
 1282.000000 0.008033
 1283.000000 0.009003
 1284.000000 0.013590
 1285.000000 0.009738
 1286.000000 0.011286
 1287.000000 0.009491
 1288.000000 0.012996
 1289.000000 0.011686
 1290.000000 0.016598
 1291.000000 0.011705
 1292.000000 0.010655
 1293.000000 0.011908
 1294.000000 0.018138
 1295.000000 0.007099
 1296.000000 0.008376
 1297.000000 0.007916
 1298.000000 0.008531
 1299.000000 0.007211
 1300.000000 0.007332
 1301.000000 0.011532
 1302.000000 0.011701
 1303.000000 0.006639
 1304.000000 0.008374
 1305.000000 0.013110
 1306.000000 0.009844
 1307.000000 0.017680
 1308.000000 0.010559
 1309.000000 0.013656
 1310.000000 0.010137
 1311.000000 0.007313
 1312.000000 0.009617
 1313.000000 0.011818
 1314.000000 0.010731
 1315.000000 0.009816
 1316.000000 0.011430
 1317.000000 0.014606
 1318.000000 0.011122
 1319.000000 0.009676
 1320.000000 0.009286
 1321.000000 0.011549
 1322.000000 0.012847
 1323.000000 0.012766
 1324.000000 0.012580
 1325.000000 0.010667
 1326.000000 0.011092
 1327.000000 0.015042
 1328.000000 0.013892
 1329.000000 0.011756
 1330.000000 0.010994
 1331.000000 0.015745
 1332.000000 0.012265
 1333.000000 0.016468
 1334.000000 0.013955
 1335.000000 0.012093
 1336.000000 0.012979
 1337.000000 0.012256
 1338.000000 0.013511
 1339.000000 0.018093
 1340.000000 0.011464
 1341.000000 0.012653
 1342.000000 0.014338
 1343.000000 0.011202
 1344.000000 0.019694
 1345.000000 0.012981
 1346.000000 0.013952
 1347.000000 0.012223
 1348.000000 0.015119
 1349.000000 0.011882
 1350.000000 0.012071
 1351.000000 0.012334
 1352.000000 0.011858
 1353.000000 0.009262
 1354.000000 0.010977
 1355.000000 0.020405
 1356.000000 0.013735
 1357.000000 0.013023
 1358.000000 0.010968
 1359.000000 0.009773
 1360.000000 0.008614
 1361.000000 0.014074
 1362.000000 0.012517
 1363.000000 0.013735
 1364.000000 0.011645
 1365.000000 0.015926
 1366.000000 0.015480
 1367.000000 0.009727
 1368.000000 0.016876
 1369.000000 0.011842
 1370.000000 0.007899
 1371.000000 0.010845
 1372.000000 0.022005
 1373.000000 0.012595
 1374.000000 0.020475
 1375.000000 0.010103
 1376.000000 0.009392
 1377.000000 0.013681
 1378.000000 0.012250
 1379.000000 0.016627
 1380.000000 0.007900
 1381.000000 0.010589
 1382.000000 0.012366
 1383.000000 0.011649
 1384.000000 0.015248
 1385.000000 0.011174
 1386.000000 0.011615
 1387.000000 0.012425
 1388.000000 0.012447
 1389.000000 0.014548
 1390.000000 0.012790
 1391.000000 0.012423
 1392.000000 0.012502
 1393.000000 0.014776
 1394.000000 0.015128
 1395.000000 0.016111
 1396.000000 0.013732
 1397.000000 0.014903
 1398.000000 0.014054
 1399.000000 0.014832
 1400.000000 0.011170
 1401.000000 0.011956
 1402.000000 0.010987
 1403.000000 0.010996
 1404.000000 0.011225
 1405.000000 0.011105
 1406.000000 0.015755
 1407.000000 0.020092
 1408.000000 0.012028
 1409.000000 0.011728
 1410.000000 0.013072
 1411.000000 0.013351
 1412.000000 0.015493
 1413.000000 0.023118
 1414.000000 0.013439
 1415.000000 0.016351
 1416.000000 0.013608
 1417.000000 0.017313
 1418.000000 0.011203
 1419.000000 0.013520
 1420.000000 0.012910
 1421.000000 0.022659
 1422.000000 0.019371
 1423.000000 0.008188
 1424.000000 0.011043
 1425.000000 0.012204
 1426.000000 0.009070
 1427.000000 0.010241
 1428.000000 0.016661
 1429.000000 0.010526
 1430.000000 0.014069
 1431.000000 0.014175
 1432.000000 0.008901
 1433.000000 0.013317
 1434.000000 0.011136
 1435.000000 0.012414
 1436.000000 0.013227
 1437.000000 0.011180
 1438.000000 0.013930
 1439.000000 0.008708
 1440.000000 0.012123
 1441.000000 0.014691
 1442.000000 0.015053
 1443.000000 0.010173
 1444.000000 0.008850
 1445.000000 0.008185
 1446.000000 0.009891
 1447.000000 0.015537
 1448.000000 0.013470
 1449.000000 0.016605
 1450.000000 0.013105
 1451.000000 0.014252
 1452.000000 0.013085
 1453.000000 0.014110
 1454.000000 0.014164
 1455.000000 0.016214
 1456.000000 0.010422
 1457.000000 0.009960
 1458.000000 0.013631
 1459.000000 0.011226
 1460.000000 0.010096
 1461.000000 0.009516
 1462.000000 0.014632
 1463.000000 0.009168
 1464.000000 0.009879
 1465.000000 0.010496
 1466.000000 0.009138
 1467.000000 0.010920
 1468.000000 0.014277
 1469.000000 0.011626
 1470.000000 0.008820
 1471.000000 0.013289
 1472.000000 0.009426
 1473.000000 0.009226
 1474.000000 0.016756
 1475.000000 0.011101
 1476.000000 0.010132
 1477.000000 0.010831
 1478.000000 0.012912
 1479.000000 0.017011
 1480.000000 0.013171
 1481.000000 0.013011
 1482.000000 0.012051
 1483.000000 0.008141
 1484.000000 0.008234
 1485.000000 0.012631
 1486.000000 0.010823
 1487.000000 0.012796
 1488.000000 0.011232
 1489.000000 0.011373
 1490.000000 0.014225
 1491.000000 0.011866
 1492.000000 0.010681
 1493.000000 0.012358
 1494.000000 0.013064
 1495.000000 0.010635
 1496.000000 0.015222
 1497.000000 0.015250
 1498.000000 0.017502
 1499.000000 0.015610
 1500.000000 0.015234
 1501.000000 0.014625
 1502.000000 0.015788
 1503.000000 0.016664
 1504.000000 0.012689
 1505.000000 0.016377
 1506.000000 0.012994
 1507.000000 0.012183
 1508.000000 0.010885
 1509.000000 0.011600
 1510.000000 0.010602
 1511.000000 0.013105
 1512.000000 0.011664
 1513.000000 0.010471
 1514.000000 0.008389
 1515.000000 0.012932
 1516.000000 0.013346
 1517.000000 0.010310
 1518.000000 0.011982
 1519.000000 0.015531
 1520.000000 0.010952
 1521.000000 0.010511
 1522.000000 0.013856
 1523.000000 0.015868
 1524.000000 0.016386
 1525.000000 0.023333
 1526.000000 0.020313
 1527.000000 0.011716
 1528.000000 0.011333
 1529.000000 0.011523
 1530.000000 0.010033
 1531.000000 0.007348
 1532.000000 0.008099
 1533.000000 0.011971
 1534.000000 0.016704
 1535.000000 0.009433
 1536.000000 0.016641
 1537.000000 0.009967
 1538.000000 0.014472
 1539.000000 0.012043
 1540.000000 0.013743
 1541.000000 0.017596
 1542.000000 0.011540
 1543.000000 0.011505
 1544.000000 0.011323
 1545.000000 0.009139
 1546.000000 0.010736
 1547.000000 0.009022
 1548.000000 0.013412
 1549.000000 0.021189
 1550.000000 0.010060
 1551.000000 0.009744
 1552.000000 0.013187
 1553.000000 0.011875
 1554.000000 0.014832
 1555.000000 0.013620
 1556.000000 0.008923
 1557.000000 0.012764
 1558.000000 0.011945
 1559.000000 0.012583
 1560.000000 0.016262
 1561.000000 0.012770
 1562.000000 0.011971
 1563.000000 0.016194
 1564.000000 0.014157
 1565.000000 0.018059
 1566.000000 0.015643
 1567.000000 0.016468
 1568.000000 0.014920
 1569.000000 0.013038
 1570.000000 0.014344
 1571.000000 0.013005
 1572.000000 0.015461
 1573.000000 0.009723
 1574.000000 0.011261
 1575.000000 0.012046
 1576.000000 0.008703
 1577.000000 0.012213
 1578.000000 0.013965
 1579.000000 0.015556
 1580.000000 0.012551
 1581.000000 0.015101
 1582.000000 0.020183
 1583.000000 0.010603
 1584.000000 0.011784
 1585.000000 0.013207
 1586.000000 0.010476
 1587.000000 0.014637
 1588.000000 0.013242
 1589.000000 0.013660
 1590.000000 0.008623
 1591.000000 0.014354
 1592.000000 0.011423
 1593.000000 0.013446
 1594.000000 0.013447
 1595.000000 0.013512
 1596.000000 0.019612
 1597.000000 0.014216
 1598.000000 0.014526
 1599.000000 0.020314
 1600.000000 0.014804
 1601.000000 0.013867
 1602.000000 0.013089
 1603.000000 0.013346
 1604.000000 0.011569
 1605.000000 0.011437
 1606.000000 0.008400
 1607.000000 0.011258
 1608.000000 0.012198
 1609.000000 0.013893
 1610.000000 0.011144
 1611.000000 0.015106
 1612.000000 0.010348
 1613.000000 0.017298
 1614.000000 0.016636
 1615.000000 0.013540
 1616.000000 0.009532
 1617.000000 0.009640
 1618.000000 0.010933
 1619.000000 0.014290
 1620.000000 0.018089
 1621.000000 0.013491
 1622.000000 0.012616
 1623.000000 0.010721
 1624.000000 0.008412
 1625.000000 0.008278
 1626.000000 0.021318
 1627.000000 0.009773
 1628.000000 0.011449
 1629.000000 0.014366
 1630.000000 0.014527
 1631.000000 0.013082
 1632.000000 0.009023
 1633.000000 0.009739
 1634.000000 0.016665
 1635.000000 0.014032
 1636.000000 0.009919
 1637.000000 0.011635
 1638.000000 0.012487
 1639.000000 0.013995
 1640.000000 0.011658
 1641.000000 0.010744
 1642.000000 0.012742
 1643.000000 0.011374
 1644.000000 0.010820
 1645.000000 0.015599
 1646.000000 0.009474
 1647.000000 0.009415
 1648.000000 0.009590
 1649.000000 0.010787
 1650.000000 0.010679
 1651.000000 0.011332
 1652.000000 0.010015
 1653.000000 0.009543
 1654.000000 0.009557
 1655.000000 0.013070
 1656.000000 0.012885
 1657.000000 0.014938
 1658.000000 0.013560
 1659.000000 0.010328
 1660.000000 0.011250
 1661.000000 0.011225
 1662.000000 0.010522
 1663.000000 0.008215
 1664.000000 0.014093
 1665.000000 0.009964
 1666.000000 0.007763
 1667.000000 0.011499
 1668.000000 0.009306
 1669.000000 0.011520
 1670.000000 0.009681
 1671.000000 0.011694
 1672.000000 0.011073
 1673.000000 0.016098
 1674.000000 0.009581
 1675.000000 0.012707
 1676.000000 0.008821
 1677.000000 0.012520
 1678.000000 0.010633
 1679.000000 0.008838
 1680.000000 0.018176
 1681.000000 0.012026
 1682.000000 0.012211
 1683.000000 0.013476
 1684.000000 0.010748
 1685.000000 0.011785
 1686.000000 0.012093
 1687.000000 0.012067
 1688.000000 0.007054
 1689.000000 0.010238
 1690.000000 0.010611
 1691.000000 0.011120
 1692.000000 0.011488
 1693.000000 0.007417
 1694.000000 0.009705
 1695.000000 0.010378
 1696.000000 0.012723
 1697.000000 0.016100
 1698.000000 0.010876
 1699.000000 0.011889
 1700.000000 0.010109
 1701.000000 0.013221
 1702.000000 0.013518
 1703.000000 0.012330
 1704.000000 0.016427
 1705.000000 0.012681
 1706.000000 0.018139
 1707.000000 0.010226
 1708.000000 0.012332
 1709.000000 0.013924
 1710.000000 0.012778
 1711.000000 0.011977
 1712.000000 0.007725
 1713.000000 0.016335
 1714.000000 0.019194
 1715.000000 0.013287
 1716.000000 0.012768
 1717.000000 0.008131
 1718.000000 0.010717
 1719.000000 0.013033
 1720.000000 0.009547
 1721.000000 0.013764
 1722.000000 0.012946
 1723.000000 0.010565
 1724.000000 0.008407
 1725.000000 0.013689
 1726.000000 0.014961
 1727.000000 0.018072
 1728.000000 0.012731
 1729.000000 0.014290
 1730.000000 0.011149
 1731.000000 0.011849
 1732.000000 0.017162
 1733.000000 0.012794
 1734.000000 0.013896
 1735.000000 0.013748
 1736.000000 0.015183
 1737.000000 0.017481
 1738.000000 0.014254
 1739.000000 0.014608
 1740.000000 0.013142
 1741.000000 0.011878
 1742.000000 0.011202
 1743.000000 0.020524
 1744.000000 0.018041
 1745.000000 0.011931
 1746.000000 0.010242
 1747.000000 0.010188
 1748.000000 0.012561
 1749.000000 0.010976
 1750.000000 0.016753
 1751.000000 0.013625
 1752.000000 0.012104
 1753.000000 0.011724
 1754.000000 0.013547
 1755.000000 0.010784
 1756.000000 0.012447
 1757.000000 0.012967
 1758.000000 0.013415
 1759.000000 0.012215
 1760.000000 0.013436
 1761.000000 0.013377
 1762.000000 0.018337
 1763.000000 0.014315
 1764.000000 0.010912
 1765.000000 0.009818
 1766.000000 0.008540
 1767.000000 0.010912
 1768.000000 0.013738
 1769.000000 0.017193
 1770.000000 0.012288
 1771.000000 0.009476
 1772.000000 0.010005
 1773.000000 0.008917
 1774.000000 0.008505
 1775.000000 0.016029
 1776.000000 0.014018
 1777.000000 0.011594
 1778.000000 0.015039
 1779.000000 0.010297
 1780.000000 0.011875
 1781.000000 0.009414
 1782.000000 0.016826
 1783.000000 0.014626
 1784.000000 0.013723
 1785.000000 0.011646
 1786.000000 0.014197
 1787.000000 0.015767
 1788.000000 0.020712
 1789.000000 0.014160
 1790.000000 0.015854
 1791.000000 0.011576
 1792.000000 0.010730
 1793.000000 0.012319
 1794.000000 0.014314
 1795.000000 0.008421
 1796.000000 0.012012
 1797.000000 0.012874
 1798.000000 0.009933
 1799.000000 0.007304
 1800.000000 0.012257
 1801.000000 0.011548
 1802.000000 0.011781
 1803.000000 0.015886
 1804.000000 0.012250
 1805.000000 0.014371
 1806.000000 0.008658
 1807.000000 0.014531
 1808.000000 0.010164
 1809.000000 0.013345
 1810.000000 0.009279
 1811.000000 0.013125
 1812.000000 0.012186
 1813.000000 0.017851
 1814.000000 0.010488
 1815.000000 0.013133
 1816.000000 0.013124
 1817.000000 0.008918
 1818.000000 0.013060
 1819.000000 0.012353
 1820.000000 0.011288
 1821.000000 0.009524
 1822.000000 0.013195
 1823.000000 0.014201
 1824.000000 0.012037
 1825.000000 0.012613
 1826.000000 0.016805
 1827.000000 0.021090
 1828.000000 0.008442
 1829.000000 0.010506
 1830.000000 0.019729
 1831.000000 0.013752
 1832.000000 0.013062
 1833.000000 0.008995
 1834.000000 0.017653
 1835.000000 0.013550
 1836.000000 0.011102
 1837.000000 0.010754
 1838.000000 0.008700
 1839.000000 0.012614
 1840.000000 0.012072
 1841.000000 0.013103
 1842.000000 0.015201
 1843.000000 0.014318
 1844.000000 0.007381
 1845.000000 0.010193
 1846.000000 0.009398
 1847.000000 0.011264
 1848.000000 0.011062
 1849.000000 0.013270
 1850.000000 0.017405
 1851.000000 0.012505
 1852.000000 0.013358
 1853.000000 0.015575
 1854.000000 0.008508
 1855.000000 0.014135
 1856.000000 0.011695
 1857.000000 0.016471
 1858.000000 0.010613
 1859.000000 0.011880
 1860.000000 0.013373
 1861.000000 0.013382
 1862.000000 0.012676
 1863.000000 0.010495
 1864.000000 0.010319
 1865.000000 0.012015
 1866.000000 0.010497
 1867.000000 0.011224
 1868.000000 0.014852
 1869.000000 0.023561
 1870.000000 0.014532
 1871.000000 0.010961
 1872.000000 0.014095
 1873.000000 0.015412
 1874.000000 0.010684
 1875.000000 0.017600
 1876.000000 0.011829
 1877.000000 0.016717
 1878.000000 0.012934
 1879.000000 0.010039
 1880.000000 0.014936
 1881.000000 0.015027
 1882.000000 0.011862
 1883.000000 0.011329
 1884.000000 0.009813
 1885.000000 0.012085
 1886.000000 0.012071
 1887.000000 0.013305
 1888.000000 0.011870
 1889.000000 0.012211
 1890.000000 0.010984
 1891.000000 0.016405
 1892.000000 0.017337
 1893.000000 0.011058
 1894.000000 0.012089
 1895.000000 0.013922
 1896.000000 0.013344
 1897.000000 0.013831
 1898.000000 0.014604
 1899.000000 0.014696
 1900.000000 0.006760
 1901.000000 0.014214
 1902.000000 0.011095
 1903.000000 0.010670
 1904.000000 0.013308
 1905.000000 0.011096
 1906.000000 0.010568
 1907.000000 0.015244
 1908.000000 0.008669
 1909.000000 0.009857
 1910.000000 0.013927
 1911.000000 0.009982
 1912.000000 0.010355
 1913.000000 0.010775
 1914.000000 0.010260
 1915.000000 0.015166
 1916.000000 0.026628
 1917.000000 0.012640
 1918.000000 0.008460
 1919.000000 0.012633
 1920.000000 0.010125
 1921.000000 0.010353
 1922.000000 0.010527
 1923.000000 0.011030
 1924.000000 0.010901
 1925.000000 0.016304
 1926.000000 0.009639
 1927.000000 0.013272
 1928.000000 0.009322
 1929.000000 0.010457
 1930.000000 0.009808
 1931.000000 0.012778
 1932.000000 0.010526
 1933.000000 0.010379
 1934.000000 0.013569
 1935.000000 0.014456
 1936.000000 0.011471
 1937.000000 0.009972
 1938.000000 0.012061
 1939.000000 0.011739
 1940.000000 0.008619
 1941.000000 0.016176
 1942.000000 0.012277
 1943.000000 0.015761
 1944.000000 0.019325
 1945.000000 0.015471
 1946.000000 0.012360
 1947.000000 0.009743
 1948.000000 0.018902
 1949.000000 0.014428
 1950.000000 0.011071
 1951.000000 0.012456
 1952.000000 0.016065
 1953.000000 0.012751
 1954.000000 0.013713
 1955.000000 0.010954
 1956.000000 0.012404
 1957.000000 0.013239
 1958.000000 0.016907
 1959.000000 0.011029
 1960.000000 0.014877
 1961.000000 0.013517
 1962.000000 0.015217
 1963.000000 0.014203
 1964.000000 0.011095
 1965.000000 0.013522
 1966.000000 0.011321
 1967.000000 0.013805
 1968.000000 0.008759
 1969.000000 0.009711
 1970.000000 0.010181
 1971.000000 0.012608
 1972.000000 0.010479
 1973.000000 0.011277
 1974.000000 0.010231
 1975.000000 0.012849
 1976.000000 0.016805
 1977.000000 0.010403
 1978.000000 0.012877
 1979.000000 0.010989
 1980.000000 0.011299
 1981.000000 0.012523
 1982.000000 0.012439
 1983.000000 0.012285
 1984.000000 0.010699
 1985.000000 0.011957
 1986.000000 0.015656
 1987.000000 0.010621
 1988.000000 0.014656
 1989.000000 0.015764
 1990.000000 0.013982
 1991.000000 0.014372
 1992.000000 0.011432
 1993.000000 0.019434
 1994.000000 0.012214
 1995.000000 0.011391
 1996.000000 0.012420
 1997.000000 0.013539
 1998.000000 0.015814
 1999.000000 0.011085
 2000.000000 0.016697
