#! FIELDS time rms1
 0.000000 0.006289
 1.000000 0.007985
 2.000000 0.008628
 3.000000 0.010710
 4.000000 0.007698
 5.000000 0.007704
 6.000000 0.008378
 7.000000 0.007497
 8.000000 0.009167
 9.000000 0.006330
 10.000000 0.009033
 11.000000 0.007619
 12.000000 0.005975
 13.000000 0.007653
 14.000000 0.007272
 15.000000 0.004655
 16.000000 0.009718
 17.000000 0.006748
 18.000000 0.008774
 19.000000 0.013792
 20.000000 0.007050
 21.000000 0.007810
 22.000000 0.010052
 23.000000 0.008625
 24.000000 0.006487
 25.000000 0.009915
 26.000000 0.009945
 27.000000 0.007177
 28.000000 0.006313
 29.000000 0.006572
 30.000000 0.006683
 31.000000 0.006582
 32.000000 0.007057
 33.000000 0.008314
 34.000000 0.009224
 35.000000 0.008644
 36.000000 0.007422
 37.000000 0.007452
 38.000000 0.008117
 39.000000 0.006408
 40.000000 0.009994
 41.000000 0.009656
 42.000000 0.007213
 43.000000 0.010267
 44.000000 0.010643
 45.000000 0.010126
 46.000000 0.008418
 47.000000 0.008119
 48.000000 0.011021
 49.000000 0.007602
 50.000000 0.012472
 51.000000 0.012968
 52.000000 0.006659
 53.000000 0.011222
 54.000000 0.007218
 55.000000 0.006861
 56.000000 0.007635
 57.000000 0.008340
 58.000000 0.009666
 59.000000 0.007708
 60.000000 0.007867
 61.000000 0.009803
 62.000000 0.012005
 63.000000 0.014816
 64.000000 0.010001
 65.000000 0.007989
 66.000000 0.010428
 67.000000 0.007333
 68.000000 0.004694
 69.000000 0.006742
 70.000000 0.009996
 71.000000 0.008389
 72.000000 0.008191
 73.000000 0.009052
 74.000000 0.009380
 75.000000 0.008798
 76.000000 0.009067
 77.000000 0.006536
 78.000000 0.005932
 79.000000 0.011023
 80.000000 0.006351
 81.000000 0.009219
 82.000000 0.009105
 83.000000 0.009269
 84.000000 0.007517
 85.000000 0.006842
 86.000000 0.007587
 87.000000 0.007683
 88.000000 0.010389
 89.000000 0.010381
 90.000000 0.007339
 91.000000 0.005592
 92.000000 0.006989
 93.000000 0.006007
 94.000000 0.008154
 95.000000 0.008422
 96.000000 0.006676
 97.000000 0.010099
 98.000000 0.006793
 99.000000 0.007442
 100.000000 0.007309
 101.000000 0.010288
 102.000000 0.009957
 103.000000 0.009046
 104.000000 0.008998
 105.000000 0.008629
 106.000000 0.006704
 107.000000 0.005862
 108.000000 0.008270
 109.000000 0.006261
 110.000000 0.009637
 111.000000 0.008620
 112.000000 0.011311
 113.000000 0.008740
 114.000000 0.008458
 115.000000 0.005913
 116.000000 0.006587
 117.000000 0.006896
 118.000000 0.007391
 119.000000 0.009736
 120.000000 0.006870
 121.000000 0.008039
 122.000000 0.009830
 123.000000 0.010872
 124.000000 0.006620
 125.000000 0.006553
 126.000000 0.010277
 127.000000 0.008354
 128.000000 0.010226
 129.000000 0.007138
 130.000000 0.009674
 131.000000 0.008357
 132.000000 0.008612
 133.000000 0.007024
 134.000000 0.008123
 135.000000 0.006460
 136.000000 0.006865
 137.000000 0.011554
 138.000000 0.012895
 139.000000 0.007409
 140.000000 0.007557
 141.000000 0.009545
 142.000000 0.009840
 143.000000 0.008567
 144.000000 0.009757
 145.000000 0.011180
 146.000000 0.007469
 147.000000 0.011127
 148.000000 0.008852
 149.000000 0.006979
 150.000000 0.009250
 151.000000 0.005302
 152.000000 0.007961
 153.000000 0.010602
 154.000000 0.010305
 155.000000 0.008637
 156.000000 0.005327
 157.000000 0.009251
 158.000000 0.008277
 159.000000 0.007563
 160.000000 0.006662
 161.000000 0.006566
 162.000000 0.009068
 163.000000 0.006537
 164.000000 0.007391
 165.000000 0.008520
 166.000000 0.006229
 167.000000 0.008358
 168.000000 0.008023
 169.000000 0.006464
 170.000000 0.009931
 171.000000 0.006090
 172.000000 0.007281
 173.000000 0.008593
 174.000000 0.006674
 175.000000 0.006854
 176.000000 0.007379
 177.000000 0.005793
 178.000000 0.009152
 179.000000 0.011216
 180.000000 0.008957
 181.000000 0.007288
 182.000000 0.009972
 183.000000 0.007606
 184.000000 0.008226
 185.000000 0.011655
 186.000000 0.008320
 187.000000 0.011217
 188.000000 0.008644
 189.000000 0.007480
 190.000000 0.009477
 191.000000 0.009444
 192.000000 0.006037
 193.000000 0.008682
 194.000000 0.008664
 195.000000 0.006774
 196.000000 0.007078
 197.000000 0.006332
 198.000000 0.008557
 199.000000 0.008600
 200.000000 0.008077
 201.000000 0.004851
 202.000000 0.008507
 203.000000 0.011446
 204.000000 0.007663
 205.000000 0.009455
 206.000000 0.008600
 207.000000 0.009015
 208.000000 0.007747
 209.000000 0.006379
 210.000000 0.010554
 211.000000 0.006562
 212.000000 0.010785
 213.000000 0.008312
 214.000000 0.006972
 215.000000 0.010035
 216.000000 0.008741
 217.000000 0.009830
 218.000000 0.008550
 219.000000 0.006952
 220.000000 0.010507
 221.000000 0.006911
 222.000000 0.009172
 223.000000 0.007659
 224.000000 0.007604
 225.000000 0.010037
 226.000000 0.010199
 227.000000 0.006055
 228.000000 0.005045
 229.000000 0.008054
 230.000000 0.006770
 231.000000 0.008841
 232.000000 0.008784
 233.000000 0.010030
 234.000000 0.006633
 235.000000 0.006296
 236.000000 0.007445
 237.000000 0.012242
 238.000000 0.005542
 239.000000 0.008890
 240.000000 0.008327
 241.000000 0.007952
 242.000000 0.008016
 243.000000 0.011003
 244.000000 0.006704
 245.000000 0.009465
 246.000000 0.009639
 247.000000 0.006613
 248.000000 0.011962
 249.000000 0.012162
 250.000000 0.006007
 251.000000 0.007757
 252.000000 0.006668
 253.000000 0.009754
 254.000000 0.006799
 255.000000 0.006141
 256.000000 0.007685
 257.000000 0.009071
 258.000000 0.007864
 259.000000 0.010127
 260.000000 0.010542
 261.000000 0.007689
 262.000000 0.009705
 263.000000 0.009029
 264.000000 0.015541
 265.000000 0.007667
 266.000000 0.007369
 267.000000 0.007345
 268.000000 0.010379
 269.000000 0.007856
 270.000000 0.009080
 271.000000 0.010909
 272.000000 0.009269
 273.000000 0.010183
 274.000000 0.008020
 275.000000 0.008017
 276.000000 0.009690
 277.000000 0.006867
 278.000000 0.012582
 279.000000 0.007145
 280.000000 0.005907
 281.000000 0.007871
 282.000000 0.009062
 283.000000 0.008466
 284.000000 0.007588
 285.000000 0.005984
 286.000000 0.007170
 287.000000 0.008821
 288.000000 0.007075
 289.000000 0.007086
 290.000000 0.010017
 291.000000 0.006412
 292.000000 0.004934
 293.000000 0.010323
 294.000000 0.010600
 295.000000 0.009109
 296.000000 0.010337
 297.000000 0.010470
 298.000000 0.007648
 299.000000 0.007240
 300.000000 0.005924
 301.000000 0.009368
 302.000000 0.006126
 303.000000 0.009458
 304.000000 0.008433
 305.000000 0.009059
 306.000000 0.004804
 307.000000 0.009601
 308.000000 0.009197
 309.000000 0.009342
 310.000000 0.009531
 311.000000 0.010220
 312.000000 0.007609
 313.000000 0.009199
 314.000000 0.009401
 315.000000 0.006775
 316.000000 0.011839
 317.000000 0.008823
 318.000000 0.010606
 319.000000 0.008281
 320.000000 0.006576
 321.000000 0.010080
 322.000000 0.008623
 323.000000 0.010820
 324.000000 0.004923
 325.000000 0.005734
 326.000000 0.008448
 327.000000 0.007096
 328.000000 0.008296
 329.000000 0.007550
 330.000000 0.008887
 331.000000 0.007672
 332.000000 0.009787
 333.000000 0.009254
 334.000000 0.007685
 335.000000 0.009278
 336.000000 0.011323
 337.000000 0.011441
 338.000000 0.007656
 339.000000 0.005614
 340.000000 0.010335
 341.000000 0.007918
 342.000000 0.008628
 343.000000 0.007024
 344.000000 0.008163
 345.000000 0.007305
 346.000000 0.008824
 347.000000 0.010009
 348.000000 0.007212
 349.000000 0.007249
 350.000000 0.006999
 351.000000 0.007874
 352.000000 0.006512
 353.000000 0.009575
 354.000000 0.008185
 355.000000 0.006052
 356.000000 0.007585
 357.000000 0.009459
 358.000000 0.007888
 359.000000 0.008079
 360.000000 0.007045
 361.000000 0.008238
 362.000000 0.008484
 363.000000 0.007013
 364.000000 0.007354
 365.000000 0.011011
 366.000000 0.008507
 367.000000 0.006931
 368.000000 0.007106
 369.000000 0.006105
 370.000000 0.009457
 371.000000 0.007870
 372.000000 0.010557
 373.000000 0.006633
 374.000000 0.009725
 375.000000 0.009747
 376.000000 0.008953
 377.000000 0.010410
 378.000000 0.008905
 379.000000 0.006560
 380.000000 0.006748
 381.000000 0.009113
 382.000000 0.010161
 383.000000 0.009125
 384.000000 0.008510
 385.000000 0.009096
 386.000000 0.010228
 387.000000 0.007393
 388.000000 0.005601
 389.000000 0.009433
 390.000000 0.008810
 391.000000 0.007507
 392.000000 0.007517
 393.000000 0.008279
 394.000000 0.007325
 395.000000 0.008546
 396.000000 0.008532
 397.000000 0.009225
 398.000000 0.007147
 399.000000 0.007945
 400.000000 0.008702
