#! FIELDS time rms1
 0.000000 0.180040
 1.000000 0.181610
 2.000000 0.174017
 3.000000 0.162056
 4.000000 0.160460
 5.000000 0.138022
 6.000000 0.151998
 7.000000 0.153682
 8.000000 0.143194
 9.000000 0.136027
 10.000000 0.151075
 11.000000 0.140525
 12.000000 0.149192
 13.000000 0.152467
 14.000000 0.181362
 15.000000 0.158310
 16.000000 0.154582
 17.000000 0.152687
 18.000000 0.145945
 19.000000 0.145656
 20.000000 0.150841
 21.000000 0.126740
 22.000000 0.109749
 23.000000 0.102360
 24.000000 0.207290
 25.000000 0.195144
 26.000000 0.201387
 27.000000 0.168909
 28.000000 0.179977
 29.000000 0.174572
 30.000000 0.170531
 31.000000 0.173101
 32.000000 0.190068
 33.000000 0.182320
 34.000000 0.169440
 35.000000 0.186084
 36.000000 0.170082
 37.000000 0.201240
 38.000000 0.205495
 39.000000 0.195771
 40.000000 0.201795
 41.000000 0.206759
 42.000000 0.188155
 43.000000 0.159769
 44.000000 0.156071
 45.000000 0.166550
 46.000000 0.164904
 47.000000 0.170437
 48.000000 0.160086
 49.000000 0.175102
 50.000000 0.159396
 51.000000 0.173855
 52.000000 0.179381
 53.000000 0.210323
 54.000000 0.195531
 55.000000 0.201143
 56.000000 0.207413
 57.000000 0.182065
 58.000000 0.189653
 59.000000 0.185320
 60.000000 0.167833
 61.000000 0.165025
 62.000000 0.140498
 63.000000 0.168848
 64.000000 0.183639
 65.000000 0.192625
 66.000000 0.191488
 67.000000 0.153822
 68.000000 0.158455
 69.000000 0.164880
 70.000000 0.173658
 71.000000 0.174767
 72.000000 0.179878
 73.000000 0.162893
 74.000000 0.161802
 75.000000 0.166300
 76.000000 0.155735
 77.000000 0.157206
 78.000000 0.157356
 79.000000 0.172656
 80.000000 0.154445
 81.000000 0.159918
 82.000000 0.145085
 83.000000 0.170064
 84.000000 0.166053
 85.000000 0.165442
 86.000000 0.167116
 87.000000 0.169086
 88.000000 0.173810
 89.000000 0.207101
 90.000000 0.196106
 91.000000 0.215929
 92.000000 0.180653
 93.000000 0.195917
 94.000000 0.185594
 95.000000 0.209367
 96.000000 0.204610
 97.000000 0.203532
 98.000000 0.194766
 99.000000 0.178902
 100.000000 0.186327
 101.000000 0.174156
 102.000000 0.157600
 103.000000 0.173018
 104.000000 0.152935
 105.000000 0.148848
 106.000000 0.162481
 107.000000 0.152605
 108.000000 0.155367
 109.000000 0.131774
 110.000000 0.176025
 111.000000 0.172550
 112.000000 0.155943
 113.000000 0.187313
 114.000000 0.182879
 115.000000 0.174765
 116.000000 0.176887
 117.000000 0.176143
 118.000000 0.196829
 119.000000 0.184977
 120.000000 0.179214
 121.000000 0.192313
 122.000000 0.197542
 123.000000 0.194285
 124.000000 0.194500
 125.000000 0.185073
 126.000000 0.179380
 127.000000 0.181240
 128.000000 0.171397
 129.000000 0.187135
 130.000000 0.181026
 131.000000 0.177283
 132.000000 0.179673
 133.000000 0.178774
 134.000000 0.181252
 135.000000 0.184016
 136.000000 0.190389
 137.000000 0.182252
 138.000000 0.184807
 139.000000 0.143638
 140.000000 0.128859
 141.000000 0.177951
 142.000000 0.186368
 143.000000 0.176756
 144.000000 0.179705
 145.000000 0.182871
 146.000000 0.182748
 147.000000 0.192289
 148.000000 0.165652
 149.000000 0.196299
 150.000000 0.163326
 151.000000 0.162871
 152.000000 0.130912
 153.000000 0.119942
 154.000000 0.144313
 155.000000 0.148584
 156.000000 0.189167
 157.000000 0.189645
 158.000000 0.187477
 159.000000 0.166341
 160.000000 0.157723
 161.000000 0.167475
 162.000000 0.186343
 163.000000 0.182517
 164.000000 0.201986
 165.000000 0.189847
 166.000000 0.195174
 167.000000 0.199280
 168.000000 0.190738
 169.000000 0.189230
 170.000000 0.198277
 171.000000 0.190892
 172.000000 0.189892
 173.000000 0.179158
 174.000000 0.167600
 175.000000 0.186385
 176.000000 0.169445
 177.000000 0.163582
 178.000000 0.182142
 179.000000 0.181353
 180.000000 0.202283
 181.000000 0.173039
 182.000000 0.205280
 183.000000 0.195516
 184.000000 0.210977
 185.000000 0.204953
 186.000000 0.201164
 187.000000 0.196520
 188.000000 0.164904
 189.000000 0.197297
 190.000000 0.205300
 191.000000 0.182041
 192.000000 0.180298
 193.000000 0.192729
 194.000000 0.206784
 195.000000 0.187452
 196.000000 0.182672
 197.000000 0.174125
 198.000000 0.192129
 199.000000 0.157905
 200.000000 0.179048
 201.000000 0.195099
 202.000000 0.205397
 203.000000 0.172893
 204.000000 0.203362
 205.000000 0.211600
 206.000000 0.208833
 207.000000 0.199553
 208.000000 0.200998
 209.000000 0.167959
 210.000000 0.174632
 211.000000 0.164353
 212.000000 0.158460
 213.000000 0.164562
 214.000000 0.176591
 215.000000 0.184426
 216.000000 0.164501
 217.000000 0.165865
 218.000000 0.190658
 219.000000 0.159603
 220.000000 0.157420
 221.000000 0.138371
 222.000000 0.183562
 223.000000 0.162232
 224.000000 0.196256
 225.000000 0.185881
 226.000000 0.203823
 227.000000 0.187564
 228.000000 0.174646
 229.000000 0.174496
 230.000000 0.197820
 231.000000 0.186936
 232.000000 0.190745
 233.000000 0.200779
 234.000000 0.204373
 235.000000 0.202282
 236.000000 0.199434
 237.000000 0.181009
 238.000000 0.187372
 239.000000 0.197357
 240.000000 0.196798
 241.000000 0.179016
 242.000000 0.168493
 243.000000 0.150813
 244.000000 0.153965
 245.000000 0.184594
 246.000000 0.190355
 247.000000 0.198844
 248.000000 0.143418
 249.000000 0.147061
 250.000000 0.160233
 251.000000 0.197482
 252.000000 0.197064
 253.000000 0.198497
 254.000000 0.198257
 255.000000 0.205743
 256.000000 0.158354
 257.000000 0.155043
 258.000000 0.208767
 259.000000 0.219189
 260.000000 0.170377
 261.000000 0.187218
 262.000000 0.210407
 263.000000 0.197192
 264.000000 0.146236
 265.000000 0.145382
 266.000000 0.152128
 267.000000 0.150801
 268.000000 0.157674
 269.000000 0.157596
 270.000000 0.153767
 271.000000 0.170161
 272.000000 0.166986
 273.000000 0.179761
 274.000000 0.190725
 275.000000 0.187171
 276.000000 0.184515
 277.000000 0.157161
 278.000000 0.146873
 279.000000 0.161758
 280.000000 0.172323
 281.000000 0.163559
 282.000000 0.151851
 283.000000 0.155602
 284.000000 0.171063
 285.000000 0.161559
 286.000000 0.164514
 287.000000 0.173277
 288.000000 0.173732
 289.000000 0.156237
 290.000000 0.203636
 291.000000 0.204192
 292.000000 0.201915
 293.000000 0.212373
 294.000000 0.197094
 295.000000 0.200688
 296.000000 0.157061
 297.000000 0.158408
 298.000000 0.193959
 299.000000 0.129180
 300.000000 0.132440
 301.000000 0.171181
 302.000000 0.156019
 303.000000 0.167691
 304.000000 0.176194
 305.000000 0.152010
 306.000000 0.172028
 307.000000 0.176764
 308.000000 0.154604
 309.000000 0.204257
 310.000000 0.209549
 311.000000 0.196499
 312.000000 0.156289
 313.000000 0.172753
 314.000000 0.172481
 315.000000 0.168423
 316.000000 0.180577
 317.000000 0.170047
 318.000000 0.169943
 319.000000 0.202961
 320.000000 0.189114
 321.000000 0.173145
 322.000000 0.180587
 323.000000 0.193260
 324.000000 0.199089
 325.000000 0.187581
 326.000000 0.189903
 327.000000 0.186745
 328.000000 0.183388
 329.000000 0.171008
 330.000000 0.185165
 331.000000 0.161258
 332.000000 0.180355
 333.000000 0.168643
 334.000000 0.164916
 335.000000 0.180811
 336.000000 0.154287
 337.000000 0.154429
 338.000000 0.177504
 339.000000 0.190642
 340.000000 0.152115
 341.000000 0.177453
 342.000000 0.181896
 343.000000 0.179863
 344.000000 0.185860
 345.000000 0.173412
 346.000000 0.200587
 347.000000 0.189580
 348.000000 0.165456
 349.000000 0.177015
 350.000000 0.179143
 351.000000 0.164055
 352.000000 0.162063
 353.000000 0.180266
 354.000000 0.195032
 355.000000 0.159705
 356.000000 0.168646
 357.000000 0.185510
 358.000000 0.181655
 359.000000 0.180079
 360.000000 0.184487
 361.000000 0.169525
 362.000000 0.165740
 363.000000 0.205129
 364.000000 0.203870
 365.000000 0.212143
 366.000000 0.207974
 367.000000 0.197505
 368.000000 0.201020
 369.000000 0.205833
 370.000000 0.169112
 371.000000 0.163826
 372.000000 0.160203
 373.000000 0.162817
 374.000000 0.157390
 375.000000 0.185793
 376.000000 0.118751
 377.000000 0.146541
 378.000000 0.138169
 379.000000 0.195123
 380.000000 0.182589
 381.000000 0.191576
 382.000000 0.200011
 383.000000 0.194729
 384.000000 0.202127
 385.000000 0.201088
 386.000000 0.199571
 387.000000 0.183382
 388.000000 0.193638
 389.000000 0.160655
 390.000000 0.172014
 391.000000 0.174509
 392.000000 0.177706
 393.000000 0.173296
 394.000000 0.169401
 395.000000 0.156182
 396.000000 0.138446
 397.000000 0.134251
 398.000000 0.138327
 399.000000 0.141653
 400.000000 0.144739
